<?xml version="1.0" encoding="UTF-8" standalone="no" ?>
<SimscapeMultibodyImportXML version="2.0" xmlns="urn:mathworks:SimscapeMultibody:import" xmlns:xsi="http://www.w3.org/2001/XMLSchema-instance">
<Created by="" on="08/31/20||20:25:29" using="Simscape Multibody Link Version 7.0" from="SolidWorks 28.0.0"/>
<ModelUnits mass="kilogram" length="millimeter"/>
<DataUnits mass="kilogram" length="meter"/>
<RootAssembly name="Droneassembly" uid="Droneassembly" version="316">
<AssemblyFile name="Droneassembly.SLDASM" type="SolidWorks Assembly"/>
<InstanceTree>
<Instance name="Motor Cap-1" uid="Motor Cap-1" entityUid="Motor Cap*:*Default">
<Transform>
<Rotation>-0.92064031946418989 0 -0.39041183662495982 -0.39041183662495982 0 0.92064031946418989 0 1 0</Rotation>
<Translation>-0.011728606156357988 0.11513774742785576 0.37250520823614475</Translation>
</Transform>
</Instance>
<Instance name="drone propeller-1" uid="drone propeller-1" entityUid="drone propeller*:*Predeterminado">
<Transform>
<Rotation>0.95764970422406248 -0.25863641542060578 -0.12654741648072382 -0.12210403149469139 0.033240301180063797 -0.99196052737505747 0.26076358927639681 0.96540265537020276 0.0002520155792151161</Rotation>
<Translation>-0.011918838531723574 0.11364985949139565 0.36900870750288606</Translation>
</Transform>
</Instance>
<Instance name="Motor-1" uid="Motor-1" grounded="true" entityUid="Motor*:*Default">
<Transform>
<Rotation>0.67430093429348692 -0.7384566676596066 0 0.7384566676596066 0.67430093429348692 0 0 0 1</Rotation>
<Translation>-0.011728606156357999 0.11513774742785576 0.33150520823614477</Translation>
</Transform>
</Instance>
<Instance name="Assambly Pedro Leg-3" uid="Assambly Pedro Leg-3" entityUid="Assambly Pedro Leg">
<Transform>
<Rotation>-0.0040792685918421131 0.04853762033287827 0.99881302503530511 0.99950240826449499 -0.031043206009952029 0.0055906380761632781 0.031277714769953592 0.9983388296430451 -0.048386834838872961</Rotation>
<Translation>-0.19062577532202124 0.11403680263779742 0.25972510829502748</Translation>
</Transform>
<Instance name="PFP04-F1-1" uid="PFP04-F1-1" entityUid="PFP04-F1*:*Défaut">
<Transform>
<Rotation>-0.63195037791290876 -0.54662221169765024 0.54940229116240602 -0.017753912979169392 0.71892264865898658 0.69486331304730398 -0.77480547134726663 0.42936509281020585 -0.46402812268915705</Rotation>
<Translation>-0.02590661372371876 -0.031325322666500816 0.48508117660122502</Translation>
</Transform>
<VisualProperties>
<Ambient r="0" g="0" b="0.50196078431372548" a="1"/>
<Diffuse r="0" g="0" b="0.50196078431372548" a="1"/>
<Specular r="0" g="0" b="0.25098039215686274" a="1"/>
<Emissive r="0" g="0" b="0" a="1"/>
<Shininess>0.40000000596046448</Shininess>
</VisualProperties>
</Instance>
<Instance name="PFoot-1" uid="PFoot-1" entityUid="PFoot*:*Défaut">
<Transform>
<Rotation>0.63195037791290776 -0.048785780101961232 -0.77347182722810015 0.017753912979169804 0.99866615386089552 -0.048484138711687753 0.77480547134726729 0.016907418269185768 0.63197359183577406</Rotation>
<Translation>-0.040392243847162612 -0.12915766449799893 0.49921518469909715</Translation>
</Transform>
</Instance>
<Instance name="PBPF-WA-3" uid="PBPF-WA-3" entityUid="PBPF-WA*:*Predeterminado">
<Transform>
<Rotation>-0.049710775268326034 0.63195037791290876 -0.77341292895706981 -0.99675031688451832 0.01775391297916901 0.078572287509911687 0.06338489262303848 0.77480547134726641 0.62901417866174203</Rotation>
<Translation>-0.011104704818240246 0.023560708431373312 0.44579581481673836</Translation>
</Transform>
</Instance>
<Instance name="PBPF-WA-4" uid="PBPF-WA-4" entityUid="PBPF-WA*:*Predeterminado">
<Transform>
<Rotation>-0.04403605877262786 0.63195037791290865 -0.77375677404692578 -0.99729986697161088 0.017753912979169655 0.071258500632100569 0.058769046837435363 0.77480547134726652 0.62946221546980818</Rotation>
<Translation>-0.038577212317182044 -0.031681289429148413 0.46954632226602677</Translation>
</Transform>
</Instance>
<Instance name="AX-18F-14" uid="AX-18F-14" entityUid="AX-18F" rigid="true">
<Transform>
<Rotation>0.54662221169765135 0.54940229116240624 0.63195037791290765 -0.71892264865898703 0.69486331304730331 0.017753912979171064 -0.42936509281020391 -0.46402812268915739 0.77480547134726729</Rotation>
<Translation>0.0016038119866406964 0.023917739430605489 0.46137715653352224</Translation>
</Transform>
<Instance name="099990987____-1" uid="099990987____-1" grounded="true" entityUid="099990987____*:*Défaut">
<Transform>
<Rotation>1 0 0 0 0 1 0 -0.99999999999999978 0</Rotation>
<Translation>0.0050500000000000267 -0.015190000000000009 -0.0097499999999999809</Translation>
</Transform>
</Instance>
<Instance name="ASSY_DUMMY___-1" uid="ASSY_DUMMY___-1" grounded="true" entityUid="ASSY_DUMMY___*:*Défaut">
<Transform>
<Rotation>1 0 0 0 1 0 0 0 1</Rotation>
<Translation>0 0 0</Translation>
</Transform>
</Instance>
<Instance name="ASSY_GEAR-WHEEL___DUMMY-1" uid="ASSY_GEAR-WHEEL___DUMMY-1" grounded="true" entityUid="ASSY_GEAR-WHEEL___DUMMY*:*Défaut">
<Transform>
<Rotation>-1 0 0 0 -1 0 0 0 0.99999999999999978</Rotation>
<Translation>0 0 -0.0019999999999999463</Translation>
</Transform>
</Instance>
<Instance name="DX124_SCREW-COVER___-2" uid="DX124_SCREW-COVER___-2" grounded="true" entityUid="DX124_SCREW-COVER___*:*Défaut">
<Transform>
<Rotation>-1 0 0 0 0 1 0 0.99999999999999978 0</Rotation>
<Translation>-0.0094999999999999529 0.0085000000000000075 0.014499999999999957</Translation>
</Transform>
</Instance>
<Instance name="099990987____-2" uid="099990987____-2" grounded="true" entityUid="099990987____*:*Défaut">
<Transform>
<Rotation>1 0 0 0 0 1 0 -0.99999999999999978 0</Rotation>
<Translation>-0.0049499999999999822 -0.015190000000000009 -0.0097499999999999809</Translation>
</Transform>
</Instance>
<Instance name="DX124_SCREW-COVER___-4" uid="DX124_SCREW-COVER___-4" grounded="true" entityUid="DX124_SCREW-COVER___*:*Défaut">
<Transform>
<Rotation>-1 0 0 0 0 1 0 0.99999999999999978 0</Rotation>
<Translation>-0.010499999999999982 -0.033000000000000002 0.014499999999999957</Translation>
</Transform>
</Instance>
<Instance name="DC04_B01_INSERT_M3-1" uid="DC04_B01_INSERT_M3-1" grounded="true" entityUid="DC04_B01_INSERT_M3*:*Défaut">
<Transform>
<Rotation>-1 0 0 0 0 1 0 0.99999999999999978 0</Rotation>
<Translation>0 0 -0.018400000000000027</Translation>
</Transform>
</Instance>
<Instance name="DX124_SCREW-COVER___-1" uid="DX124_SCREW-COVER___-1" grounded="true" entityUid="DX124_SCREW-COVER___*:*Défaut">
<Transform>
<Rotation>-1 0 0 0 0 1 0 0.99999999999999978 0</Rotation>
<Translation>0.0095000000000000362 0.0084999999999999798 0.014500000000000013</Translation>
</Transform>
</Instance>
<Instance name="DX124_SCREW-COVER___-3" uid="DX124_SCREW-COVER___-3" grounded="true" entityUid="DX124_SCREW-COVER___*:*Défaut">
<Transform>
<Rotation>-1 0 0 0 0 1 0 0.99999999999999978 0</Rotation>
<Translation>0.010500000000000009 -0.033000000000000002 0.014499999999999957</Translation>
</Transform>
</Instance>
</Instance>
<Instance name="PFP04-F2-3" uid="PFP04-F2-3" entityUid="PFP04-F2*:*Défaut">
<Transform>
<Rotation>-0.63195037791290876 0.031277714769955264 0.77437744312092494 -0.017753912979168968 0.99833882964304521 -0.054812223097434561 -0.77480547134726652 -0.048386834838870497 -0.63034529885184032</Rotation>
<Translation>0.0015658956850395228 0.023916674698668039 0.46133066749631524</Translation>
</Transform>
<VisualProperties>
<Ambient r="0" g="0" b="0.50196078431372548" a="1"/>
<Diffuse r="0" g="0" b="0.50196078431372548" a="1"/>
<Specular r="0" g="0" b="0.25098039215686274" a="1"/>
<Emissive r="0" g="0" b="0" a="1"/>
<Shininess>0.40000000596046448</Shininess>
</VisualProperties>
</Instance>
<Instance name="BHS_M2_6X8-4" uid="BHS_M2_6X8-4" entityUid="BHS_M2_6X8*:*Défaut">
<Transform>
<Rotation>-0.61907534700465594 -0.63195037791290765 -0.46624503706398651 0.61300573265583413 -0.017753912979171123 -0.78987895927478169 0.4908866330041482 -0.7748054713472674 0.39838021425290387</Rotation>
<Translation>-0.013284938256944517 0.023499457723628159 0.44312273896989096</Translation>
</Transform>
</Instance>
<Instance name="AX-18F-15" uid="AX-18F-15" entityUid="AX-18F" rigid="true">
<Transform>
<Rotation>0.44507818727406823 0.63446365307128627 0.63195037791290865 -0.82675240378541037 0.5622857471152668 0.017753912979169707 -0.34407247789946149 -0.53036837341838627 0.77480547134726641</Rotation>
<Translation>-0.025868690169194505 -0.031324258208297456 0.48512766025483406</Translation>
</Transform>
<Instance name="099990987____-1" uid="099990987____-1" grounded="true" entityUid="099990987____*:*Défaut">
<Transform>
<Rotation>1 0 0 0 1.2625259673503131e-16 1 0 -1 1.2625259673503131e-16</Rotation>
<Translation>0.0050499999999999712 -0.015190000000000009 -0.0097499999999999809</Translation>
</Transform>
</Instance>
<Instance name="ASSY_DUMMY___-1" uid="ASSY_DUMMY___-1" grounded="true" entityUid="ASSY_DUMMY___*:*Défaut">
<Transform>
<Rotation>1 0 0 0 1 0 0 0 1</Rotation>
<Translation>0 0 0</Translation>
</Transform>
</Instance>
<Instance name="ASSY_GEAR-WHEEL___DUMMY-1" uid="ASSY_GEAR-WHEEL___DUMMY-1" grounded="true" entityUid="ASSY_GEAR-WHEEL___DUMMY*:*Défaut">
<Transform>
<Rotation>-1 0 0 0 -1 1.2625259673503128e-16 0 1.2625259673503128e-16 1</Rotation>
<Translation>0 0 -0.0020000000000000018</Translation>
</Transform>
</Instance>
<Instance name="DX124_SCREW-COVER___-2" uid="DX124_SCREW-COVER___-2" grounded="true" entityUid="DX124_SCREW-COVER___*:*Défaut">
<Transform>
<Rotation>-1 0 0 0 -1.2625259673503131e-16 1 0 1 1.2625259673503131e-16</Rotation>
<Translation>-0.0095000000000000084 0.0085000000000000075 0.014499999999999957</Translation>
</Transform>
</Instance>
<Instance name="099990987____-2" uid="099990987____-2" grounded="true" entityUid="099990987____*:*Défaut">
<Transform>
<Rotation>1 0 0 0 1.2625259673503131e-16 1 0 -1 1.2625259673503131e-16</Rotation>
<Translation>-0.0049500000000000377 -0.015190000000000009 -0.0097500000000000364</Translation>
</Transform>
</Instance>
<Instance name="DX124_SCREW-COVER___-4" uid="DX124_SCREW-COVER___-4" grounded="true" entityUid="DX124_SCREW-COVER___*:*Défaut">
<Transform>
<Rotation>-1 0 0 0 -1.2625259673503131e-16 1 0 1 1.2625259673503131e-16</Rotation>
<Translation>-0.010499999999999982 -0.033000000000000015 0.014499999999999957</Translation>
</Transform>
</Instance>
<Instance name="DC04_B01_INSERT_M3-1" uid="DC04_B01_INSERT_M3-1" grounded="true" entityUid="DC04_B01_INSERT_M3*:*Défaut">
<Transform>
<Rotation>-1 0 0 0 -1.2625259673503131e-16 1 0 1 1.2625259673503131e-16</Rotation>
<Translation>0 0 -0.018399999999999972</Translation>
</Transform>
</Instance>
<Instance name="DX124_SCREW-COVER___-1" uid="DX124_SCREW-COVER___-1" grounded="true" entityUid="DX124_SCREW-COVER___*:*Défaut">
<Transform>
<Rotation>-1 0 0 0 -1.2625259673503131e-16 1 0 1 1.2625259673503131e-16</Rotation>
<Translation>0.0094999999999999807 0.0084999999999999937 0.014499999999999957</Translation>
</Transform>
</Instance>
<Instance name="DX124_SCREW-COVER___-3" uid="DX124_SCREW-COVER___-3" grounded="true" entityUid="DX124_SCREW-COVER___*:*Défaut">
<Transform>
<Rotation>-1 0 0 0 -1.2625259673503131e-16 1 0 1 1.2625259673503131e-16</Rotation>
<Translation>0.010499999999999982 -0.033000000000000002 0.014500000000000013</Translation>
</Transform>
</Instance>
</Instance>
<Instance name="BHS_M2_6X8-1" uid="BHS_M2_6X8-1" entityUid="BHS_M2_6X8*:*Défaut">
<Transform>
<Rotation>0.99951044566280811 0.03127771476995414 0.00075734384793054626 -0.031277714769954133 0.9983388296430451 0.048386834838871913 0.00075734384793077383 -0.048386834838871913 0.99882838398023688</Rotation>
<Translation>0.042446879309189986 0.040643863509398692 0.42760384573579924</Translation>
</Transform>
</Instance>
<Instance name="AX-18F-1" uid="AX-18F-1" entityUid="AX-18F" rigid="true">
<Transform>
<Rotation>-0.70729613696552118 -0.70622509102439857 0.031277714769953696 -0.012097974820867755 0.056331343248573515 0.9983388296430451 -0.70681384652458823 0.70574280058346428 -0.048386834838873058</Rotation>
<Translation>0.041835399985437352 0.021126339389877513 0.42854980835689915</Translation>
</Transform>
<Instance name="099990987____-1" uid="099990987____-1" grounded="true" entityUid="099990987____*:*Défaut">
<Transform>
<Rotation>1 0 1.6653345369377343e-16 -1.6653345369377343e-16 -1.6977711196929422e-16 1 0 -1 -1.6977711196929422e-16</Rotation>
<Translation>0.0050499999999999989 -0.015190000000000023 -0.0097499999999999809</Translation>
</Transform>
</Instance>
<Instance name="ASSY_DUMMY___-1" uid="ASSY_DUMMY___-1" grounded="true" entityUid="ASSY_DUMMY___*:*Défaut">
<Transform>
<Rotation>1 0 0 0 1 0 0 0 1</Rotation>
<Translation>0 0 0</Translation>
</Transform>
</Instance>
<Instance name="ASSY_GEAR-WHEEL___DUMMY-1" uid="ASSY_GEAR-WHEEL___DUMMY-1" grounded="true" entityUid="ASSY_GEAR-WHEEL___DUMMY*:*Défaut">
<Transform>
<Rotation>-1 -1.6653345369377363e-16 0 1.6653345369377343e-16 -1 -1.6977711196929417e-16 0 -1.6977711196929417e-16 1</Rotation>
<Translation>0 0 -0.0020000000000000018</Translation>
</Transform>
</Instance>
<Instance name="DX124_SCREW-COVER___-2" uid="DX124_SCREW-COVER___-2" grounded="true" entityUid="DX124_SCREW-COVER___*:*Défaut">
<Transform>
<Rotation>-1 0 1.6653345369377343e-16 1.6653345369377343e-16 1.6977711196929422e-16 1 0 1 -1.6977711196929422e-16</Rotation>
<Translation>-0.0095000000000000084 0.0084999999999999937 0.014500000000000013</Translation>
</Transform>
</Instance>
<Instance name="099990987____-2" uid="099990987____-2" grounded="true" entityUid="099990987____*:*Défaut">
<Transform>
<Rotation>1 0 1.6653345369377343e-16 -1.6653345369377343e-16 -1.6977711196929422e-16 1 0 -1 -1.6977711196929422e-16</Rotation>
<Translation>-0.0049499999999999544 -0.015190000000000009 -0.0097499999999999809</Translation>
</Transform>
</Instance>
<Instance name="DX124_SCREW-COVER___-4" uid="DX124_SCREW-COVER___-4" grounded="true" entityUid="DX124_SCREW-COVER___*:*Défaut">
<Transform>
<Rotation>-1 0 1.6653345369377343e-16 1.6653345369377343e-16 1.6977711196929422e-16 1 0 1 -1.6977711196929422e-16</Rotation>
<Translation>-0.010500000000000009 -0.032999999999999974 0.014500000000000013</Translation>
</Transform>
</Instance>
<Instance name="DC04_B01_INSERT_M3-1" uid="DC04_B01_INSERT_M3-1" grounded="true" entityUid="DC04_B01_INSERT_M3*:*Défaut">
<Transform>
<Rotation>-1 0 1.6653345369377343e-16 1.6653345369377343e-16 1.6977711196929422e-16 1 0 1 -1.6977711196929422e-16</Rotation>
<Translation>0 0 -0.0184</Translation>
</Transform>
</Instance>
<Instance name="DX124_SCREW-COVER___-1" uid="DX124_SCREW-COVER___-1" grounded="true" entityUid="DX124_SCREW-COVER___*:*Défaut">
<Transform>
<Rotation>-1 0 1.6653345369377343e-16 1.6653345369377343e-16 1.6977711196929422e-16 1 0 1 -1.6977711196929422e-16</Rotation>
<Translation>0.0095000000000000084 0.0085000000000000075 0.014500000000000013</Translation>
</Transform>
</Instance>
<Instance name="DX124_SCREW-COVER___-3" uid="DX124_SCREW-COVER___-3" grounded="true" entityUid="DX124_SCREW-COVER___*:*Défaut">
<Transform>
<Rotation>-1 0 1.6653345369377343e-16 1.6653345369377343e-16 1.6977711196929422e-16 1 0 1 -1.6977711196929422e-16</Rotation>
<Translation>0.010500000000000009 -0.033000000000000015 0.014500000000000013</Translation>
</Transform>
</Instance>
</Instance>
<Instance name="PBPF-WA-1" uid="PBPF-WA-1" entityUid="PBPF-WA*:*Predeterminado">
<Transform>
<Rotation>0.036500393542838287 0.03127771476995421 -0.9988440447987802 0.047237361495961437 0.9983388296430451 0.032988072175482663 0.99821658619265474 -0.048386834838872725 0.03496228345171197</Rotation>
<Translation>0.041206405141413507 0.0010497455257559019 0.42952286760550895</Translation>
</Transform>
</Instance>
<Instance name="BHS_M2_6X8-3" uid="BHS_M2_6X8-3" entityUid="BHS_M2_6X8*:*Défaut">
<Transform>
<Rotation>-0.72972298798290813 0.63195037791290731 -0.26104229669735546 -0.32310571914255509 0.017753912979171126 0.9461963289039439 0.60258364985010082 0.77480547134726752 0.19123134289041022</Rotation>
<Translation>0.013958442534880919 0.024264828912160363 0.47652460283967163</Translation>
</Transform>
<VisualProperties>
<Ambient r="0.77647058823529413" g="0.75686274509803919" b="0.73725490196078436" a="0.25"/>
<Diffuse r="0.77647058823529413" g="0.75686274509803919" b="0.73725490196078436" a="0.25"/>
<Specular r="0.38823529411764707" g="0.3784313725490196" b="0.36862745098039218" a="0.25"/>
<Emissive r="0" g="0" b="0" a="0.25"/>
<Shininess>0.60000002384185791</Shininess>
</VisualProperties>
</Instance>
<Instance name="DC04_B01_HORN2_DUMMY-1" uid="DC04_B01_HORN2_DUMMY-1" entityUid="DC04_B01_HORN2_DUMMY*:*Défaut">
<Transform>
<Rotation>-0.70622509102439923 0.70729613696552052 0.031277714769953655 0.056331343248573418 0.012097974820867788 0.9983388296430451 0.70574280058346361 0.7068138465245889 -0.048386834838872975</Rotation>
<Translation>0.042432804337543414 0.040194611036059702 0.42762561981147668</Translation>
</Transform>
</Instance>
<Instance name="BHS_M2_6X8-2" uid="BHS_M2_6X8-2" entityUid="BHS_M2_6X8*:*Défaut">
<Transform>
<Rotation>-0.76567814403508616 -0.031277714769954321 0.64246298282917069 0.055049484686481825 -0.9983388296430451 0.017003983730519288 0.64086389661357801 0.048386834838872676 0.76612804427950354</Rotation>
<Translation>0.041098497025457245 -0.0023945234365127244 0.42968980218570296</Translation>
</Transform>
</Instance>
<Instance name="DC04_B01_HORN2_DUMMY-2" uid="DC04_B01_HORN2_DUMMY-2" entityUid="DC04_B01_HORN2_DUMMY*:*Défaut">
<Transform>
<Rotation>0.54940229116240658 -0.54662221169765046 0.63195037791290809 0.69486331304730231 0.71892264865898803 0.017753912979171591 -0.46402812268915866 0.42936509281020324 0.77480547134726696</Rotation>
<Translation>0.01367406420477725 0.024256839168507738 0.4761759410362551</Translation>
</Transform>
</Instance>
<Instance name="PBPF-BU-2" uid="PBPF-BU-2" entityUid="PBPF-BU*:*Predeterminado">
<Transform>
<Rotation>-0.076403205479098027 -0.63195037791290876 -0.77123360277431519 0.99629479107569852 -0.01775391297916917 -0.084151576630258018 0.039487206383192357 -0.77480547134726641 0.6309653255943557</Rotation>
<Translation>-0.010061986694683986 0.023590002387789077 0.44707424384446137</Translation>
</Transform>
</Instance>
<Instance name="PFP04-F2-2" uid="PFP04-F2-2" entityUid="PFP04-F2*:*Défaut">
<Transform>
<Rotation>0.031277714769953412 -0.63195037791290898 -0.77437744312092471 0.99833882964304521 -0.017753912979171841 0.054812223097434248 -0.048386834838872746 -0.77480547134726618 0.63034529885184054</Rotation>
<Translation>0.041833527362231629 0.021066438805569743 0.42855270892671782</Translation>
</Transform>
<VisualProperties>
<Ambient r="0" g="0" b="0.50196078431372548" a="1"/>
<Diffuse r="0" g="0" b="0.50196078431372548" a="1"/>
<Specular r="0" g="0" b="0.25098039215686274" a="1"/>
<Emissive r="0" g="0" b="0" a="1"/>
<Shininess>0.40000000596046448</Shininess>
</VisualProperties>
</Instance>
<Instance name="PBPF-BU-3" uid="PBPF-BU-3" entityUid="PBPF-BU*:*Predeterminado">
<Transform>
<Rotation>-0.38061018479511016 -0.63195037791290876 -0.67511081096806913 0.87798176118447047 -0.017753912979169405 -0.47836474117700556 0.29031692037779583 -0.77480547134726663 0.56159822588100528</Rotation>
<Translation>-0.037534494193625714 -0.031651995472732758 0.47082475129374973</Translation>
</Transform>
</Instance>
<Instance name="PBPF-BU-1" uid="PBPF-BU-1" entityUid="PBPF-BU*:*Predeterminado">
<Transform>
<Rotation>0.26143633276336148 -0.031277714769953703 0.9647138168752506 0.038553617513201396 -0.9983388296430451 -0.04281588260915177 0.96445044584358541 0.048386834838872052 -0.25979617342521621</Rotation>
<Translation>0.041258013370784039 0.0026970045946665966 0.42944302932802469</Translation>
</Transform>
</Instance>
<Instance name="PFP04-F3-1" uid="PFP04-F3-1" entityUid="PFP04-F3*:*Défaut">
<Transform>
<Rotation>-0.54662221169765046 0.54940229116240691 -0.63195037791290765 0.7189226486589877 0.69486331304730276 -0.017753912979170561 0.42936509281020374 -0.46402812268915755 -0.7748054713472674</Rotation>
<Translation>-0.021196383096598589 -0.0049190880608572241 0.48063432362512198</Translation>
</Transform>
<VisualProperties>
<Ambient r="0" g="0" b="0.50196078431372548" a="1"/>
<Diffuse r="0" g="0" b="0.50196078431372548" a="1"/>
<Specular r="0" g="0" b="0.25098039215686274" a="1"/>
<Emissive r="0" g="0" b="0" a="1"/>
<Shininess>0.40000000596046448</Shininess>
</VisualProperties>
</Instance>
<Instance name="DC04_B01_HORN2_DUMMY-3" uid="DC04_B01_HORN2_DUMMY-3" entityUid="DC04_B01_HORN2_DUMMY*:*Défaut">
<Transform>
<Rotation>0.30784094293354836 0.71124726622287671 0.63195037791290865 -0.92323738847404013 0.38381964918117767 0.017753912979169451 -0.22992755027925213 -0.58890559786176433 0.77480547134726652</Rotation>
<Translation>-0.013798437999216887 -0.030985158501235205 0.49992644479755316</Translation>
</Transform>
</Instance>
<Instance name="PTibiaSidePlate-1" uid="PTibiaSidePlate-1" entityUid="PTibiaSidePlate*:*Predeterminado">
<Transform>
<Rotation>-0.63446365307128449 -0.44507818727407189 -0.63195037791290776 -0.56228574711527113 0.82675240378540749 -0.017753912979169922 0.53036837341838372 0.34407247789946344 -0.7748054713472674</Rotation>
<Translation>-0.077897470395268148 -0.11606565556061993 0.55176903106337716</Translation>
</Transform>
<VisualProperties>
<Ambient r="0" g="0" b="0.50196078431372548" a="1"/>
<Diffuse r="0" g="0" b="0.50196078431372548" a="1"/>
<Specular r="0" g="0" b="0.25098039215686274" a="1"/>
<Emissive r="0" g="0" b="0" a="1"/>
<Shininess>0.40000000596046448</Shininess>
</VisualProperties>
</Instance>
<Instance name="PTibiaSidePlate-2" uid="PTibiaSidePlate-2" entityUid="PTibiaSidePlate*:*Predeterminado">
<Transform>
<Rotation>-0.63446365307128239 -0.44507818727407422 -0.63195037791290831 -0.56228574711527368 0.82675240378540571 -0.01775391297917106 0.53036837341838361 0.3440724778994646 -0.77480547134726696</Rotation>
<Translation>-0.099699758433263702 -0.11667816555840202 0.52503824230189733</Translation>
</Transform>
<VisualProperties>
<Ambient r="0" g="0" b="0.50196078431372548" a="1"/>
<Diffuse r="0" g="0" b="0.50196078431372548" a="1"/>
<Specular r="0" g="0" b="0.25098039215686274" a="1"/>
<Emissive r="0" g="0" b="0" a="1"/>
<Shininess>0.40000000596046448</Shininess>
</VisualProperties>
</Instance>
<Instance name="PStandoff-2" uid="PStandoff-2" entityUid="PStandoff*:*Predeterminado">
<Transform>
<Rotation>0.77489316104379213 -0.013390624454881411 0.63195037791290865 0.0027989270645464928 0.99983846924451514 0.01775391297916978 -0.63208603447224421 -0.011988602733134353 0.77480547134726641</Rotation>
<Translation>-0.037504547209421091 -0.13439919060755495 0.49698001284353427</Translation>
</Transform>
<VisualProperties>
<Ambient r="1" g="0" b="0" a="1"/>
<Diffuse r="1" g="0" b="0" a="1"/>
<Specular r="0.5" g="0" b="0" a="1"/>
<Emissive r="0" g="0" b="0" a="1"/>
<Shininess>0.40000000596046448</Shininess>
</VisualProperties>
</Instance>
<Instance name="PStandoff-3" uid="PStandoff-3" entityUid="PStandoff*:*Predeterminado">
<Transform>
<Rotation>0.77489316104379213 -0.013390624454882722 0.63195037791290853 0.0027989270645483238 0.99983846924451525 0.017753912979169784 -0.6320860344722441 -0.011988602733133302 0.77480547134726674</Rotation>
<Translation>-0.063003567044418035 -0.07418634084336706 0.5163979210573636</Translation>
</Transform>
<VisualProperties>
<Ambient r="1" g="0" b="0" a="1"/>
<Diffuse r="1" g="0" b="0" a="1"/>
<Specular r="0.5" g="0" b="0" a="1"/>
<Emissive r="0" g="0" b="0" a="1"/>
<Shininess>0.40000000596046448</Shininess>
</VisualProperties>
</Instance>
<Instance name="PStandoff-1" uid="PStandoff-1" entityUid="PStandoff*:*Predeterminado">
<Transform>
<Rotation>0.77489316104379258 -0.013390624454883187 0.63195037791290787 0.00279892706454881 0.99983846924451514 0.017753912979169936 -0.63208603447224343 -0.011988602733133126 0.77480547134726718</Rotation>
<Translation>-0.048602438912632551 -0.1270560946386492 0.50586346607610255</Translation>
</Transform>
<VisualProperties>
<Ambient r="1" g="0" b="0" a="1"/>
<Diffuse r="1" g="0" b="0" a="1"/>
<Specular r="0.5" g="0" b="0" a="1"/>
<Emissive r="0" g="0" b="0" a="1"/>
<Shininess>0.40000000596046448</Shininess>
</VisualProperties>
</Instance>
<Instance name="PRubber Foot-1" uid="PRubber Foot-1" entityUid="PRubber Foot*:*Predeterminado">
<Transform>
<Rotation>0.86443657646303695 0.048785780101961329 -0.500369216611801 0.050696573621254196 -0.99866615386089552 -0.0097862431888263712 -0.50017923057233105 -0.016907418269185896 -0.86575682296563017</Rotation>
<Translation>-0.041489469491876957 -0.16228334232912728 0.50086914890450229</Translation>
</Transform>
</Instance>
</Instance>
<Instance name="Assambly Pedro Leg-1" uid="Assambly Pedro Leg-1" entityUid="Assambly Pedro Leg">
<Transform>
<Rotation>0.99949507873237531 -0.031511491137436516 -0.0040759681129930638 -0.0055939385527816188 -0.048234916328840242 -0.99882035456743545 0.031277714769953696 0.9983388296430451 -0.048386834838873051</Rotation>
<Translation>-0.0088991366989158438 0.58688891302254009 0.25972510829502748</Translation>
</Transform>
<Instance name="PBPF-WA-3" uid="PBPF-WA-3" entityUid="PBPF-WA*:*Predeterminado">
<Transform>
<Rotation>-0.044764217848106309 0.82335007636582169 -0.56576569050168002 -0.99668415447260339 0.0017113750378933877 0.081349661454189398 0.067947487250661687 0.56753125283448058 0.82054336633260638</Rotation>
<Translation>-0.0041415557322149101 0.024026825359112575 0.4599140081885198</Translation>
</Transform>
</Instance>
<Instance name="BHS_M2_6X8-3" uid="BHS_M2_6X8-3" entityUid="BHS_M2_6X8*:*Défaut">
<Transform>
<Rotation>-0.53713646607231302 0.82335007636582169 -0.18324592373022155 -0.32052978895964807 0.0017113750378931905 0.94723688989870036 0.78022116813428621 0.56753125283448047 0.26298898427746864</Rotation>
<Translation>0.028512508296436923 0.024094698491801764 0.48242229767542438</Translation>
</Transform>
<VisualProperties>
<Ambient r="0.77647058823529413" g="0.75686274509803919" b="0.73725490196078436" a="0.25"/>
<Diffuse r="0.77647058823529413" g="0.75686274509803919" b="0.73725490196078436" a="0.25"/>
<Specular r="0.38823529411764707" g="0.3784313725490196" b="0.36862745098039218" a="0.25"/>
<Emissive r="0" g="0" b="0" a="0.25"/>
<Shininess>0.60000002384185791</Shininess>
</VisualProperties>
</Instance>
<Instance name="PBPF-WA-1" uid="PBPF-WA-1" entityUid="PBPF-WA*:*Predeterminado">
<Transform>
<Rotation>0.03650039354283835 0.031277714769954314 -0.99884404479878008 0.047237361495961333 0.9983388296430451 0.032988072175482559 0.99821658619265463 -0.048386834838872815 0.034962283451711901</Rotation>
<Translation>0.041206405141413535 0.0010497455257558741 0.4295228676055089</Translation>
</Transform>
</Instance>
<Instance name="PBPF-BU-1" uid="PBPF-BU-1" entityUid="PBPF-BU*:*Predeterminado">
<Transform>
<Rotation>0.26143633276336142 -0.031277714769953807 0.96471381687525037 0.038553617513201334 -0.9983388296430451 -0.042815882609151638 0.96445044584358541 0.048386834838872142 -0.25979617342521616</Rotation>
<Translation>0.041258013370784052 0.0026970045946665688 0.42944302932802469</Translation>
</Transform>
</Instance>
<Instance name="PFP04-F2-3" uid="PFP04-F2-3" entityUid="PFP04-F2*:*Défaut">
<Transform>
<Rotation>-0.82335007636582169 0.031277714769953571 0.56667129476193256 -0.0017113750378935332 0.9983388296430451 -0.057590384808877834 -0.56753125283448069 -0.048386834838872843 -0.82192882372526654</Rotation>
<Translation>0.012366613315901579 0.024061138369377816 0.47129300974690091</Translation>
</Transform>
<VisualProperties>
<Ambient r="0" g="0" b="0.50196078431372548" a="1"/>
<Diffuse r="0" g="0" b="0.50196078431372548" a="1"/>
<Specular r="0" g="0" b="0.25098039215686274" a="1"/>
<Emissive r="0" g="0" b="0" a="1"/>
<Shininess>0.40000000596046448</Shininess>
</VisualProperties>
</Instance>
<Instance name="BHS_M2_6X8-1" uid="BHS_M2_6X8-1" entityUid="BHS_M2_6X8*:*Défaut">
<Transform>
<Rotation>0.99951044566280833 0.031277714769954057 0.00075734384793046277 -0.031277714769954043 0.9983388296430451 0.048386834838872017 0.00075734384793085157 -0.04838683483887201 0.99882838398023699</Rotation>
<Translation>0.042446879309190035 0.04064386350939872 0.42760384573579924</Translation>
</Transform>
</Instance>
<Instance name="AX-18F-14" uid="AX-18F-14" entityUid="AX-18F" rigid="true">
<Transform>
<Rotation>0.3783322462013588 0.42303588882342952 0.82335007636582225 -0.74704494407846744 0.66477133115250908 0.0017113750378920333 -0.5466155532099628 -0.61572698011788629 0.56753125283447992</Rotation>
<Translation>0.012416016999512657 0.024061241752662971 0.47132706227587318</Translation>
</Transform>
<Instance name="099990987____-1" uid="099990987____-1" grounded="true" entityUid="099990987____*:*Défaut">
<Transform>
<Rotation>1 0 -1.1102230246251565e-16 1.1102230246251568e-16 0 0.99999999999999989 0 -0.99999999999999989 0</Rotation>
<Translation>0.0050499999999999851 -0.015189999999999954 -0.0097499999999999948</Translation>
</Transform>
</Instance>
<Instance name="ASSY_DUMMY___-1" uid="ASSY_DUMMY___-1" grounded="true" entityUid="ASSY_DUMMY___*:*Défaut">
<Transform>
<Rotation>1 0 0 0 1 0 0 0 1</Rotation>
<Translation>0 0 0</Translation>
</Transform>
</Instance>
<Instance name="ASSY_GEAR-WHEEL___DUMMY-1" uid="ASSY_GEAR-WHEEL___DUMMY-1" grounded="true" entityUid="ASSY_GEAR-WHEEL___DUMMY*:*Défaut">
<Transform>
<Rotation>-1 1.1102230246251558e-16 0 -1.1102230246251568e-16 -1 0 0 0 1</Rotation>
<Translation>0 0 -0.0020000000000000018</Translation>
</Transform>
</Instance>
<Instance name="DX124_SCREW-COVER___-2" uid="DX124_SCREW-COVER___-2" grounded="true" entityUid="DX124_SCREW-COVER___*:*Défaut">
<Transform>
<Rotation>-1 0 -1.1102230246251565e-16 -1.1102230246251568e-16 0 0.99999999999999989 0 0.99999999999999989 0</Rotation>
<Translation>-0.0095000000000000084 0.0085000000000000631 0.014500000000000006</Translation>
</Transform>
</Instance>
<Instance name="099990987____-2" uid="099990987____-2" grounded="true" entityUid="099990987____*:*Défaut">
<Transform>
<Rotation>1 0 -1.1102230246251565e-16 1.1102230246251568e-16 0 0.99999999999999989 0 -0.99999999999999989 0</Rotation>
<Translation>-0.0049500000000000099 -0.015189999999999981 -0.0097499999999999948</Translation>
</Transform>
</Instance>
<Instance name="DX124_SCREW-COVER___-4" uid="DX124_SCREW-COVER___-4" grounded="true" entityUid="DX124_SCREW-COVER___*:*Défaut">
<Transform>
<Rotation>-1 0 -1.1102230246251565e-16 -1.1102230246251568e-16 0 0.99999999999999989 0 0.99999999999999989 0</Rotation>
<Translation>-0.010500000000000009 -0.032999999999999974 0.014499999999999999</Translation>
</Transform>
</Instance>
<Instance name="DC04_B01_INSERT_M3-1" uid="DC04_B01_INSERT_M3-1" grounded="true" entityUid="DC04_B01_INSERT_M3*:*Défaut">
<Transform>
<Rotation>-1 0 -1.1102230246251565e-16 -1.1102230246251568e-16 0 0.99999999999999989 0 0.99999999999999989 0</Rotation>
<Translation>0 0 -0.018399999999999986</Translation>
</Transform>
</Instance>
<Instance name="DX124_SCREW-COVER___-1" uid="DX124_SCREW-COVER___-1" grounded="true" entityUid="DX124_SCREW-COVER___*:*Défaut">
<Transform>
<Rotation>-1 0 -1.1102230246251565e-16 -1.1102230246251568e-16 0 0.99999999999999989 0 0.99999999999999989 0</Rotation>
<Translation>0.0094999999999999946 0.0085000000000000631 0.014499999999999999</Translation>
</Transform>
</Instance>
<Instance name="DX124_SCREW-COVER___-3" uid="DX124_SCREW-COVER___-3" grounded="true" entityUid="DX124_SCREW-COVER___*:*Défaut">
<Transform>
<Rotation>-1 0 -1.1102230246251565e-16 -1.1102230246251568e-16 0 0.99999999999999989 0 0.99999999999999989 0</Rotation>
<Translation>0.010500000000000009 -0.032999999999999974 0.014499999999999999</Translation>
</Transform>
</Instance>
</Instance>
<Instance name="PBPF-BU-2" uid="PBPF-BU-2" entityUid="PBPF-BU*:*Predeterminado">
<Transform>
<Rotation>-0.047601709961538063 -0.82335007636582169 -0.56553402104306061 0.99668002384548182 -0.0017113750378933081 -0.081400253456911431 0.066053064093252775 -0.56753125283448047 0.82069803812365572</Rotation>
<Translation>-0.0027830281060650889 0.024029649132450176 0.4608504347506015</Translation>
</Transform>
</Instance>
<Instance name="BHS_M2_6X8-2" uid="BHS_M2_6X8-2" entityUid="BHS_M2_6X8*:*Défaut">
<Transform>
<Rotation>-0.76567814403508605 -0.03127771476995421 0.6424629828291708 0.055049484686481708 -0.9983388296430451 0.017003983730519281 0.64086389661357812 0.048386834838872586 0.76612804427950343</Rotation>
<Translation>0.041098497025457259 -0.0023945234365127799 0.42968980218570291</Translation>
</Transform>
</Instance>
<Instance name="AX-18F-1" uid="AX-18F-1" entityUid="AX-18F" rigid="true">
<Transform>
<Rotation>-0.70729613696552129 -0.70622509102439845 0.031277714769953557 -0.01209797482086776 0.05633134324857339 0.9983388296430451 -0.70681384652458834 0.70574280058346439 -0.048386834838872947</Rotation>
<Translation>0.041835399985437359 0.021126339389877541 0.42854980835689915</Translation>
</Transform>
<Instance name="099990987____-1" uid="099990987____-1" grounded="true" entityUid="099990987____*:*Défaut">
<Transform>
<Rotation>1 0 2.2204460492503126e-16 -2.2204460492503126e-16 0 1 0 -1 0</Rotation>
<Translation>0.0050499999999999989 -0.015189999999999981 -0.0097499999999999809</Translation>
</Transform>
</Instance>
<Instance name="ASSY_DUMMY___-1" uid="ASSY_DUMMY___-1" grounded="true" entityUid="ASSY_DUMMY___*:*Défaut">
<Transform>
<Rotation>1 0 0 0 1 0 0 0 1</Rotation>
<Translation>0 0 0</Translation>
</Transform>
</Instance>
<Instance name="ASSY_GEAR-WHEEL___DUMMY-1" uid="ASSY_GEAR-WHEEL___DUMMY-1" grounded="true" entityUid="ASSY_GEAR-WHEEL___DUMMY*:*Défaut">
<Transform>
<Rotation>-1 -2.2204460492503131e-16 0 2.2204460492503126e-16 -1 0 0 0 1</Rotation>
<Translation>0 0 -0.0020000000000000018</Translation>
</Transform>
</Instance>
<Instance name="DX124_SCREW-COVER___-2" uid="DX124_SCREW-COVER___-2" grounded="true" entityUid="DX124_SCREW-COVER___*:*Défaut">
<Transform>
<Rotation>-1 0 2.2204460492503126e-16 2.2204460492503126e-16 0 1 0 1 0</Rotation>
<Translation>-0.0095000000000000084 0.0085000000000000075 0.014500000000000013</Translation>
</Transform>
</Instance>
<Instance name="099990987____-2" uid="099990987____-2" grounded="true" entityUid="099990987____*:*Défaut">
<Transform>
<Rotation>1 0 2.2204460492503126e-16 -2.2204460492503126e-16 0 1 0 -1 0</Rotation>
<Translation>-0.0049500000000000099 -0.015189999999999981 -0.0097499999999999809</Translation>
</Transform>
</Instance>
<Instance name="DX124_SCREW-COVER___-4" uid="DX124_SCREW-COVER___-4" grounded="true" entityUid="DX124_SCREW-COVER___*:*Défaut">
<Transform>
<Rotation>-1 0 2.2204460492503126e-16 2.2204460492503126e-16 0 1 0 1 0</Rotation>
<Translation>-0.010499999999999995 -0.032999999999999974 0.014500000000000013</Translation>
</Transform>
</Instance>
<Instance name="DC04_B01_INSERT_M3-1" uid="DC04_B01_INSERT_M3-1" grounded="true" entityUid="DC04_B01_INSERT_M3*:*Défaut">
<Transform>
<Rotation>-1 0 2.2204460492503126e-16 2.2204460492503126e-16 0 1 0 1 0</Rotation>
<Translation>0 0 -0.018400000000000027</Translation>
</Transform>
</Instance>
<Instance name="DX124_SCREW-COVER___-1" uid="DX124_SCREW-COVER___-1" grounded="true" entityUid="DX124_SCREW-COVER___*:*Défaut">
<Transform>
<Rotation>-1 0 2.2204460492503126e-16 2.2204460492503126e-16 0 1 0 1 0</Rotation>
<Translation>0.0094999999999999807 0.0085000000000000214 0.014500000000000013</Translation>
</Transform>
</Instance>
<Instance name="DX124_SCREW-COVER___-3" uid="DX124_SCREW-COVER___-3" grounded="true" entityUid="DX124_SCREW-COVER___*:*Défaut">
<Transform>
<Rotation>-1 0 2.2204460492503126e-16 2.2204460492503126e-16 0 1 0 1 0</Rotation>
<Translation>0.010499999999999982 -0.032999999999999974 0.014500000000000013</Translation>
</Transform>
</Instance>
</Instance>
<Instance name="DC04_B01_HORN2_DUMMY-1" uid="DC04_B01_HORN2_DUMMY-1" entityUid="DC04_B01_HORN2_DUMMY*:*Défaut">
<Transform>
<Rotation>-0.70622509102439923 0.70729613696552052 0.031277714769953516 0.056331343248573279 0.012097974820867798 0.9983388296430451 0.70574280058346361 0.70681384652458912 -0.048386834838872878</Rotation>
<Translation>0.042432804337543435 0.040194611036059674 0.42762561981147668</Translation>
</Transform>
</Instance>
<Instance name="PFP04-F2-2" uid="PFP04-F2-2" entityUid="PFP04-F2*:*Défaut">
<Transform>
<Rotation>0.031277714769953543 -0.82335007636582191 -0.56667129476193245 0.9983388296430451 -0.0017113750378934985 0.057590384808877751 -0.048386834838872746 -0.56753125283448058 0.82192882372526654</Rotation>
<Translation>0.041833520643761828 0.021066438370831025 0.42855271091043567</Translation>
</Transform>
<VisualProperties>
<Ambient r="0" g="0" b="0.50196078431372548" a="1"/>
<Diffuse r="0" g="0" b="0.50196078431372548" a="1"/>
<Specular r="0" g="0" b="0.25098039215686274" a="1"/>
<Emissive r="0" g="0" b="0" a="1"/>
<Shininess>0.40000000596046448</Shininess>
</VisualProperties>
</Instance>
<Instance name="DC04_B01_HORN2_DUMMY-2" uid="DC04_B01_HORN2_DUMMY-2" entityUid="DC04_B01_HORN2_DUMMY*:*Défaut">
<Transform>
<Rotation>0.42303588882343007 -0.3783322462013588 0.82335007636582214 0.66477133115250864 0.74704494407846822 0.0017113750378921337 -0.61572698011788662 0.54661555320996202 0.56753125283448047</Rotation>
<Translation>0.028142003458099918 0.024093929015886723 0.4821669092050116</Translation>
</Transform>
</Instance>
<Instance name="BHS_M2_6X8-4" uid="BHS_M2_6X8-4" entityUid="BHS_M2_6X8*:*Défaut">
<Transform>
<Rotation>-0.44825235353571258 -0.82335007636582169 -0.34808688469703936 0.61529056597861698 -0.0017113750378933471 -0.78829854155211554 0.6484499571805119 -0.56753125283448058 0.50736666237418182</Rotation>
<Translation>-0.006982113495366914 0.024020921125797817 0.45795602535676189</Translation>
</Transform>
</Instance>
<Instance name="PTibiaSidePlate-1" uid="PTibiaSidePlate-1" entityUid="PTibiaSidePlate*:*Predeterminado">
<Transform>
<Rotation>-0.46937684967075372 -0.31902981795054097 -0.82335007636582092 -0.56007763801554944 0.8284383565422373 -0.0017113750378932285 0.68264076379021021 0.46033668620699963 -0.56753125283448158</Rotation>
<Translation>-0.041932889025913453 -0.11445096494847432 0.58109232976688707</Translation>
</Transform>
<VisualProperties>
<Ambient r="0" g="0" b="0.50196078431372548" a="1"/>
<Diffuse r="0" g="0" b="0.50196078431372548" a="1"/>
<Specular r="0" g="0" b="0.25098039215686274" a="1"/>
<Emissive r="0" g="0" b="0" a="1"/>
<Shininess>0.40000000596046448</Shininess>
</VisualProperties>
</Instance>
<Instance name="PFP04-F3-1" uid="PFP04-F3-1" entityUid="PFP04-F3*:*Défaut">
<Transform>
<Rotation>-0.37833224620135858 0.42303588882342941 -0.82335007636582258 0.74704494407846733 0.66477133115250953 -0.0017113750378916215 0.54661555320996347 -0.61572698011788607 -0.56753125283447958</Rotation>
<Translation>-0.0051399723866596917 -0.0035267684901661711 0.4968797319507654</Translation>
</Transform>
<VisualProperties>
<Ambient r="0" g="0" b="0.50196078431372548" a="1"/>
<Diffuse r="0" g="0" b="0.50196078431372548" a="1"/>
<Specular r="0" g="0" b="0.25098039215686274" a="1"/>
<Emissive r="0" g="0" b="0" a="1"/>
<Shininess>0.40000000596046448</Shininess>
</VisualProperties>
</Instance>
<Instance name="DC04_B01_HORN2_DUMMY-3" uid="DC04_B01_HORN2_DUMMY-3" entityUid="DC04_B01_HORN2_DUMMY*:*Défaut">
<Transform>
<Rotation>0.2177123584925186 0.52411447290455615 0.82335007636582169 -0.92444289826920523 0.38131666503722522 0.001711375037892972 -0.31306014885203243 -0.76151271838155665 0.56753125283448069</Rotation>
<Translation>0.0063914092128845778 -0.029615876703266958 0.51398941850447166</Translation>
</Transform>
</Instance>
<Instance name="PStandoff-1" uid="PStandoff-1" entityUid="PStandoff*:*Predeterminado">
<Transform>
